    N,         1,         2,         -
 1000,       976,       134,       697,
 8000,      7069,      1659,      2189,
27000,     23937,      6054,      6878,
64000,     56066,     12700,     16411,
125000,    110788,     41416,     51468,
216000,    195200,     43715,     65859,
343000,    316762,    111129,    151495,
512000,    451136,    135730,    182845,
729000,    675646,    225540,    330993,
1000000,    884671,    257572,    384726,
1331000,   1247122,    359026,    510818,
1728000,   1553268,    494453,    723323,
2197000,   2118391,    620860,    905963,
2744000,   2558966,    802007,   1139844,
